region,test_date,confirmed_cases,deaths,total_tested,inc_deaths
central,2020-03-18,5,0,0,0.0
central,2020-03-19,6,0,0,0.0
central,2020-03-20,8,1,0,1.0
central,2020-03-21,8,1,0,0.0
central,2020-03-22,9,1,0,0.0
central,2020-03-24,10,1,0,0.0
central,2020-03-25,14,1,0,0.0
central,2020-03-26,20,1,0,0.0
central,2020-03-27,23,1,0,0.0
central,2020-03-28,30,1,0,0.0
central,2020-03-29,50,1,0,0.0
central,2020-03-30,64,1,0,0.0
central,2020-03-31,74,2,0,1.0
central,2020-04-01,93,3,0,1.0
central,2020-04-02,111,4,0,1.0
central,2020-04-03,129,5,0,1.0
central,2020-04-04,151,5,0,0.0
central,2020-04-05,169,6,0,1.0
central,2020-04-06,203,6,0,0.0
central,2020-04-07,231,9,0,3.0
central,2020-04-08,245,10,0,1.0
central,2020-04-09,279,11,0,1.0
central,2020-04-10,301,11,0,0.0
central,2020-04-11,326,12,0,1.0
central,2020-04-12,346,12,0,0.0
central,2020-04-13,363,14,0,2.0
central,2020-04-14,375,15,0,1.0
central,2020-04-15,383,19,0,4.0
central,2020-04-16,398,22,0,3.0
central,2020-04-17,409,22,0,0.0
central,2020-04-18,443,24,0,2.0
central,2020-04-19,466,25,0,1.0
central,2020-04-20,472,28,0,3.0
central,2020-04-21,515,28,0,0.0
central,2020-04-22,563,29,0,1.0
central,2020-04-23,586,32,0,3.0
central,2020-04-24,630,33,0,1.0
central,2020-04-25,657,36,0,3.0
central,2020-04-26,681,36,0,0.0
central,2020-04-27,703,40,0,4.0
central,2020-04-28,788,40,0,0.0
central,2020-04-29,822,44,0,4.0
central,2020-04-30,852,46,0,2.0
central,2020-05-01,895,48,0,2.0
central,2020-05-02,956,49,0,1.0
central,2020-05-03,988,49,0,0.0
central,2020-05-04,1013,51,18151,2.0
central,2020-05-05,1067,55,18651,4.0
central,2020-05-06,1119,55,19959,0.0
central,2020-05-07,1169,57,20980,2.0
central,2020-05-08,1229,63,22220,6.0
central,2020-05-09,1264,64,23205,1.0
central,2020-05-10,1289,64,24115,0.0
central,2020-05-11,1332,65,24919,1.0
central,2020-05-12,1406,69,26093,4.0
central,2020-05-13,1439,72,27524,3.0
central,2020-05-14,1479,75,29606,3.0
central,2020-05-15,1532,78,32919,3.0
central,2020-05-16,1575,79,35411,1.0
central,2020-05-17,1631,78,36799,-1.0
central,2020-05-18,1669,79,38717,1.0
central,2020-05-19,1692,82,39879,3.0
central,2020-05-20,1749,82,43149,0.0
central,2020-05-21,1798,83,45865,1.0
central,2020-05-22,1832,83,47586,0.0
central,2020-05-23,1874,84,50053,1.0
central,2020-05-24,1917,87,51301,3.0
central,2020-05-25,1929,87,52312,0.0
central,2020-05-26,1940,88,53608,1.0
central,2020-05-27,1961,92,54890,4.0
central,2020-05-28,1997,95,56906,3.0
central,2020-05-29,2037,97,59119,2.0
central,2020-05-30,2055,98,60761,1.0
central,2020-05-31,2079,98,62223,0.0
central,2020-06-01,2085,98,63979,0.0
central,2020-06-02,2099,99,65080,1.0
central,2020-06-03,2117,100,66883,1.0
central,2020-06-04,2143,102,69176,2.0
central,2020-06-05,2169,103,70969,1.0
central,2020-06-06,2177,107,72416,4.0
central,2020-06-07,2189,107,74150,0.0
central,2020-06-08,2201,107,76193,0.0
central,2020-06-09,2219,107,77844,0.0
central,2020-06-10,2234,107,79999,0.0
central,2020-06-11,2293,108,82465,1.0
central,2020-06-12,2327,109,85531,1.0
central,2020-06-13,2333,109,87741,0.0
central,2020-06-14,2360,109,89754,0.0
central,2020-06-15,2371,109,91265,0.0
central,2020-06-16,2385,109,92775,0.0
central,2020-06-17,2415,112,94829,3.0
central,2020-06-18,2448,112,98403,0.0
central,2020-06-19,2489,114,103300,2.0
central,2020-06-20,2498,114,106877,0.0
central,2020-06-21,2520,115,108644,1.0
northcentral,2020-03-18,6,0,0,0.0
northcentral,2020-03-19,8,0,0,0.0
northcentral,2020-03-20,13,0,0,0.0
northcentral,2020-03-21,18,0,0,0.0
northcentral,2020-03-22,23,1,0,1.0
northcentral,2020-03-24,27,1,0,0.0
northcentral,2020-03-25,33,1,0,0.0
northcentral,2020-03-26,41,1,0,0.0
northcentral,2020-03-27,50,1,0,0.0
northcentral,2020-03-28,55,1,0,0.0
northcentral,2020-03-29,73,2,0,1.0
northcentral,2020-03-30,82,2,0,0.0
northcentral,2020-03-31,94,3,0,1.0
northcentral,2020-04-01,117,5,0,2.0
northcentral,2020-04-02,149,6,0,1.0
northcentral,2020-04-03,170,6,0,0.0
northcentral,2020-04-04,209,6,0,0.0
northcentral,2020-04-05,253,7,0,1.0
northcentral,2020-04-06,279,8,0,1.0
northcentral,2020-04-07,331,11,0,3.0
northcentral,2020-04-08,384,13,0,2.0
northcentral,2020-04-09,411,15,0,2.0
northcentral,2020-04-10,455,16,0,1.0
northcentral,2020-04-11,472,17,0,1.0
northcentral,2020-04-12,514,17,0,0.0
northcentral,2020-04-13,558,17,0,0.0
northcentral,2020-04-14,581,19,0,2.0
northcentral,2020-04-15,633,22,0,3.0
northcentral,2020-04-16,668,23,0,1.0
northcentral,2020-04-17,739,24,0,1.0
northcentral,2020-04-18,851,25,0,1.0
northcentral,2020-04-19,864,25,0,0.0
northcentral,2020-04-20,930,27,0,2.0
northcentral,2020-04-21,967,34,0,7.0
northcentral,2020-04-22,1058,35,0,1.0
northcentral,2020-04-23,1127,38,0,3.0
northcentral,2020-04-24,1232,40,0,2.0
northcentral,2020-04-25,1337,42,0,2.0
northcentral,2020-04-26,1393,42,0,0.0
northcentral,2020-04-27,1481,45,0,3.0
northcentral,2020-04-28,1580,48,0,3.0
northcentral,2020-04-29,1677,48,0,0.0
northcentral,2020-04-30,1809,50,0,2.0
northcentral,2020-05-01,1925,51,0,1.0
northcentral,2020-05-02,2064,54,0,3.0
northcentral,2020-05-03,2213,59,0,5.0
northcentral,2020-05-04,2334,61,22826,2.0
northcentral,2020-05-05,2377,66,24059,5.0
northcentral,2020-05-06,2526,71,25271,5.0
northcentral,2020-05-07,2660,75,26847,4.0
northcentral,2020-05-08,2821,77,28867,2.0
northcentral,2020-05-09,2931,83,30493,6.0
northcentral,2020-05-10,3025,85,32059,2.0
northcentral,2020-05-11,3073,86,33238,1.0
northcentral,2020-05-12,3425,94,37594,8.0
northcentral,2020-05-13,3526,99,39652,5.0
northcentral,2020-05-14,3699,99,41598,0.0
northcentral,2020-05-15,3837,105,44091,6.0
northcentral,2020-05-16,3960,107,46126,2.0
northcentral,2020-05-17,4084,111,48012,4.0
northcentral,2020-05-18,4207,113,50067,2.0
northcentral,2020-05-19,4278,122,52194,9.0
northcentral,2020-05-20,4377,125,54111,3.0
northcentral,2020-05-21,4499,136,56652,11.0
northcentral,2020-05-22,4680,142,60697,6.0
northcentral,2020-05-23,4808,145,63380,3.0
northcentral,2020-05-24,4941,147,65757,2.0
northcentral,2020-05-25,5005,151,67232,4.0
northcentral,2020-05-26,5077,153,69043,2.0
northcentral,2020-05-27,5102,160,70818,7.0
northcentral,2020-05-28,5269,165,73109,5.0
northcentral,2020-05-29,5406,170,75148,5.0
northcentral,2020-05-30,5515,175,77888,5.0
northcentral,2020-05-31,5623,177,80108,2.0
northcentral,2020-06-01,5697,177,81738,0.0
northcentral,2020-06-02,5795,182,83701,5.0
northcentral,2020-06-03,5893,188,86369,6.0
northcentral,2020-06-04,5983,198,89364,10.0
northcentral,2020-06-05,6110,204,91422,6.0
northcentral,2020-06-06,6190,210,93333,6.0
northcentral,2020-06-07,6256,210,95543,0.0
northcentral,2020-06-08,6314,211,96798,1.0
northcentral,2020-06-09,6353,221,98478,10.0
northcentral,2020-06-10,6412,228,100981,7.0
northcentral,2020-06-11,6482,235,103432,7.0
northcentral,2020-06-12,6550,241,106036,6.0
northcentral,2020-06-13,6633,245,108931,4.0
northcentral,2020-06-14,6709,245,111433,0.0
northcentral,2020-06-15,6739,245,113209,0.0
northcentral,2020-06-16,6782,245,114546,0.0
northcentral,2020-06-17,6824,250,117834,5.0
northcentral,2020-06-18,6885,252,120859,2.0
northcentral,2020-06-19,6951,254,123496,2.0
northcentral,2020-06-20,7003,256,126036,2.0
northcentral,2020-06-21,7076,258,128759,2.0
northeast,2020-03-18,254,1,0,0.0
northeast,2020-03-19,392,2,0,1.0
northeast,2020-03-20,550,4,0,2.0
northeast,2020-03-21,711,5,0,1.0
northeast,2020-03-22,1005,7,0,2.0
northeast,2020-03-24,1483,14,0,7.0
northeast,2020-03-25,1797,17,0,3.0
northeast,2020-03-26,2446,24,0,7.0
northeast,2020-03-27,2919,32,0,8.0
northeast,2020-03-28,3360,45,0,13.0
northeast,2020-03-29,4404,61,0,16.0
northeast,2020-03-30,4832,68,0,7.0
northeast,2020-03-31,5725,91,0,23.0
northeast,2020-04-01,6636,131,0,40.0
northeast,2020-04-02,7278,144,0,13.0
northeast,2020-04-03,8469,196,0,52.0
northeast,2020-04-04,9747,228,0,32.0
northeast,2020-04-05,10567,257,0,29.0
northeast,2020-04-06,11482,289,0,32.0
northeast,2020-04-07,12656,354,0,65.0
northeast,2020-04-08,14062,431,0,77.0
northeast,2020-04-09,15263,493,0,62.0
northeast,2020-04-10,16606,559,0,66.0
northeast,2020-04-11,17823,635,0,76.0
northeast,2020-04-12,19388,677,0,42.0
northeast,2020-04-13,20507,749,0,72.0
northeast,2020-04-14,21669,817,0,68.0
northeast,2020-04-15,22929,886,0,69.0
northeast,2020-04-16,23975,999,0,113.0
northeast,2020-04-17,25682,1051,0,52.0
northeast,2020-04-18,27068,1172,0,121.0
northeast,2020-04-19,28153,1200,0,28.0
northeast,2020-04-20,29201,1252,0,52.0
northeast,2020-04-21,30570,1361,0,109.0
northeast,2020-04-22,32323,1451,0,90.0
northeast,2020-04-23,34051,1568,0,117.0
northeast,2020-04-24,36498,1667,0,99.0
northeast,2020-04-25,38389,1734,0,67.0
northeast,2020-04-26,40297,1790,0,56.0
northeast,2020-04-27,42114,1829,0,39.0
northeast,2020-04-28,44069,1965,0,136.0
northeast,2020-04-29,46114,2044,0,79.0
northeast,2020-04-30,48381,2173,0,129.0
northeast,2020-05-01,51318,2266,0,93.0
northeast,2020-05-02,53616,2360,0,94.0
northeast,2020-05-03,56343,2411,0,51.0
northeast,2020-05-04,58496,2444,253852,33.0
northeast,2020-05-05,60443,2599,263054,155.0
northeast,2020-05-06,62561,2728,273037,129.0
northeast,2020-05-07,64946,2856,285444,128.0
northeast,2020-05-08,67607,2974,299094,118.0
northeast,2020-05-09,69681,3068,310451,94.0
northeast,2020-05-10,71154,3123,319458,55.0
northeast,2020-05-11,72321,3172,327949,49.0
northeast,2020-05-12,75888,3297,348848,125.0
northeast,2020-05-13,77339,3469,359734,172.0
northeast,2020-05-14,80276,3597,374109,128.0
northeast,2020-05-15,82506,3711,391268,114.0
northeast,2020-05-16,84378,3776,407146,65.0
northeast,2020-05-17,85880,3818,420580,42.0
northeast,2020-05-18,87986,3871,435636,53.0
northeast,2020-05-19,89402,3998,447463,127.0
northeast,2020-05-20,91584,4137,468912,139.0
northeast,2020-05-21,93628,4206,488994,69.0
northeast,2020-05-22,96073,4306,514937,100.0
northeast,2020-05-23,98188,4373,536308,67.0
northeast,2020-05-24,100435,4430,555228,57.0
northeast,2020-05-25,102005,4453,572439,23.0
northeast,2020-05-26,103050,4486,584685,33.0
northeast,2020-05-27,104049,4630,596626,144.0
northeast,2020-05-28,105308,4718,611916,88.0
northeast,2020-05-29,106751,4794,627032,76.0
northeast,2020-05-30,108061,4846,644889,52.0
northeast,2020-05-31,109239,4897,659585,51.0
northeast,2020-06-01,110088,4920,673963,23.0
northeast,2020-06-02,111513,5022,685191,102.0
northeast,2020-06-03,112344,5102,702599,80.0
northeast,2020-06-04,113134,5201,717634,99.0
northeast,2020-06-05,114075,5249,729405,48.0
northeast,2020-06-06,114916,5306,744799,57.0
northeast,2020-06-07,115668,5345,760053,39.0
northeast,2020-06-08,116262,5365,771234,20.0
northeast,2020-06-09,116953,5445,786002,80.0
northeast,2020-06-10,117496,5506,799906,61.0
northeast,2020-06-11,118098,5583,814371,77.0
northeast,2020-06-12,118566,5651,831141,68.0
northeast,2020-06-13,119066,5670,845229,19.0
northeast,2020-06-14,119585,5688,860256,18.0
northeast,2020-06-15,119981,5707,873602,19.0
northeast,2020-06-16,120504,5771,886515,64.0
northeast,2020-06-17,120993,5839,905972,68.0
northeast,2020-06-18,121492,5890,921510,51.0
northeast,2020-06-19,122024,5929,937320,39.0
northeast,2020-06-20,122545,5969,953332,40.0
northeast,2020-06-21,123061,5989,970138,20.0
southern,2020-03-18,7,0,0,0.0
southern,2020-03-19,10,1,0,1.0
southern,2020-03-20,10,1,0,0.0
southern,2020-03-21,11,0,0,-1.0
southern,2020-03-22,11,0,0,0.0
southern,2020-03-24,15,0,0,0.0
southern,2020-03-25,19,0,0,0.0
southern,2020-03-26,31,0,0,0.0
southern,2020-03-27,35,0,0,0.0
southern,2020-03-28,41,0,0,0.0
southern,2020-03-29,61,1,0,1.0
southern,2020-03-30,70,1,0,0.0
southern,2020-03-31,84,2,0,1.0
southern,2020-04-01,109,2,0,0.0
southern,2020-04-02,120,2,0,0.0
southern,2020-04-03,136,2,0,0.0
southern,2020-04-04,189,3,0,1.0
southern,2020-04-05,205,3,0,0.0
southern,2020-04-06,226,3,0,0.0
southern,2020-04-07,271,5,0,2.0
southern,2020-04-08,323,7,0,2.0
southern,2020-04-09,401,8,0,1.0
southern,2020-04-10,444,9,0,1.0
southern,2020-04-11,474,12,0,3.0
southern,2020-04-12,507,13,0,1.0
southern,2020-04-13,531,13,0,0.0
southern,2020-04-14,568,16,0,3.0
southern,2020-04-15,603,20,0,4.0
southern,2020-04-16,637,27,0,7.0
southern,2020-04-17,671,34,0,7.0
southern,2020-04-18,714,35,0,1.0
southern,2020-04-19,759,37,0,2.0
southern,2020-04-20,775,40,0,3.0
southern,2020-04-21,815,43,0,3.0
southern,2020-04-22,935,49,0,6.0
southern,2020-04-23,978,50,0,1.0
southern,2020-04-24,1080,54,0,4.0
southern,2020-04-25,1120,62,0,8.0
southern,2020-04-26,1224,65,0,3.0
southern,2020-04-27,1247,69,0,4.0
southern,2020-04-28,1330,72,0,3.0
southern,2020-04-29,1388,79,0,7.0
southern,2020-04-30,1498,85,0,6.0
southern,2020-05-01,1554,90,0,5.0
southern,2020-05-02,1591,95,0,5.0
southern,2020-05-03,1698,99,0,4.0
southern,2020-05-04,1720,103,12769,4.0
southern,2020-05-05,1766,114,12871,11.0
southern,2020-05-06,1853,116,13389,2.0
southern,2020-05-07,1925,120,13936,4.0
southern,2020-05-08,1983,125,14751,5.0
southern,2020-05-09,2059,131,15577,6.0
southern,2020-05-10,2110,132,16328,1.0
southern,2020-05-11,2131,134,16899,2.0
southern,2020-05-12,2155,139,17128,5.0
southern,2020-05-13,2262,150,18225,11.0
southern,2020-05-14,2332,154,19250,4.0
southern,2020-05-15,2358,162,20348,8.0
southern,2020-05-16,2412,166,21371,4.0
southern,2020-05-17,2445,169,22046,3.0
southern,2020-05-18,2462,170,22502,1.0
southern,2020-05-19,2501,176,23160,6.0
southern,2020-05-20,2546,180,24590,4.0
southern,2020-05-21,2587,181,25648,1.0
southern,2020-05-22,2641,183,26697,2.0
southern,2020-05-23,2701,186,27673,3.0
southern,2020-05-24,2757,188,28389,2.0
southern,2020-05-25,2804,192,28970,4.0
southern,2020-05-26,2831,195,29526,3.0
southern,2020-05-27,2879,199,30051,4.0
southern,2020-05-28,2927,205,31101,6.0
southern,2020-05-29,3017,208,32207,3.0
southern,2020-05-30,3088,210,33438,2.0
southern,2020-05-31,3116,216,34840,6.0
southern,2020-06-01,3153,216,35453,0.0
southern,2020-06-02,3179,220,35925,4.0
southern,2020-06-03,3251,229,36895,9.0
southern,2020-06-04,3296,234,38293,5.0
southern,2020-06-05,3355,235,39779,1.0
southern,2020-06-06,3415,237,41197,2.0
southern,2020-06-07,3444,238,42140,1.0
southern,2020-06-08,3457,239,43049,1.0
southern,2020-06-09,3493,243,43705,4.0
southern,2020-06-10,3527,252,44460,9.0
southern,2020-06-11,3564,256,46056,4.0
southern,2020-06-12,3601,258,47450,2.0
southern,2020-06-13,3675,264,48490,6.0
southern,2020-06-14,3721,264,50248,0.0
southern,2020-06-15,3766,264,51745,0.0
southern,2020-06-16,3808,272,52293,8.0
southern,2020-06-17,3851,281,54174,9.0
southern,2020-06-18,3903,282,56090,1.0
southern,2020-06-19,3953,283,58136,1.0
southern,2020-06-20,4003,285,60666,2.0
southern,2020-06-21,4046,285,62244,0.0
chicago,2020-03-18,0,0,0,0.0
chicago,2020-03-19,0,0,0,0.0
chicago,2020-03-20,0,0,0,0.0
chicago,2020-03-21,0,0,0,0.0
chicago,2020-03-22,519,4,0,4.0
chicago,2020-03-24,782,5,0,1.0
chicago,2020-03-25,915,5,0,0.0
chicago,2020-03-26,1161,9,0,4.0
chicago,2020-03-27,1364,9,0,0.0
chicago,2020-03-28,1610,12,0,3.0
chicago,2020-03-29,2026,16,0,4.0
chicago,2020-03-30,2198,16,0,0.0
chicago,2020-03-31,2693,21,0,5.0
chicago,2020-04-01,3087,39,0,18.0
chicago,2020-04-02,3279,41,0,2.0
chicago,2020-04-03,3815,57,0,16.0
chicago,2020-04-04,4296,76,0,19.0
chicago,2020-04-05,4614,90,0,14.0
chicago,2020-04-06,5067,108,0,18.0
chicago,2020-04-07,5506,135,0,27.0
chicago,2020-04-08,6092,177,0,42.0
chicago,2020-04-09,6648,198,0,21.0
chicago,2020-04-10,7230,218,0,20.0
chicago,2020-04-11,7784,249,0,31.0
chicago,2020-04-12,8503,267,0,18.0
chicago,2020-04-13,9084,308,0,41.0
chicago,2020-04-14,9616,328,0,20.0
chicago,2020-04-15,10192,361,0,33.0
chicago,2020-04-16,10642,414,0,53.0
chicago,2020-04-17,11409,427,0,13.0
chicago,2020-04-18,12007,491,0,64.0
chicago,2020-04-19,12533,492,0,1.0
chicago,2020-04-20,13013,514,0,22.0
chicago,2020-04-21,13554,569,0,55.0
chicago,2020-04-22,14394,604,0,35.0
chicago,2020-04-23,15073,641,0,37.0
chicago,2020-04-24,16112,678,0,37.0
chicago,2020-04-25,17109,708,0,30.0
chicago,2020-04-26,17865,740,0,32.0
chicago,2020-04-27,18682,772,0,32.0
chicago,2020-04-28,19594,803,0,31.0
chicago,2020-04-29,20413,851,0,48.0
chicago,2020-04-30,21491,894,0,43.0
chicago,2020-05-01,22718,945,0,51.0
chicago,2020-05-02,23616,978,0,33.0
chicago,2020-05-03,24864,1009,0,31.0
chicago,2020-05-04,25805,1021,104885,12.0
chicago,2020-05-05,26606,1068,108872,47.0
chicago,2020-05-06,27440,1112,112588,44.0
chicago,2020-05-07,28441,1184,117295,72.0
chicago,2020-05-08,29535,1248,122700,64.0
chicago,2020-05-09,30393,1289,127332,41.0
chicago,2020-05-10,30950,1337,130868,48.0
chicago,2020-05-11,31327,1376,133666,39.0
chicago,2020-05-12,32557,1441,140367,65.0
chicago,2020-05-13,33074,1493,144058,52.0
chicago,2020-05-14,34341,1552,148581,59.0
chicago,2020-05-15,35183,1606,155725,54.0
chicago,2020-05-16,36006,1620,161716,14.0
chicago,2020-05-17,36621,1636,166152,16.0
chicago,2020-05-18,37434,1681,171515,45.0
chicago,2020-05-19,37919,1729,176024,48.0
chicago,2020-05-20,38839,1787,184163,58.0
chicago,2020-05-21,39755,1814,191989,27.0
chicago,2020-05-22,40465,1850,198741,36.0
chicago,2020-05-23,41402,1894,208218,44.0
chicago,2020-05-24,42372,1940,215700,46.0
chicago,2020-05-25,42967,1955,222059,15.0
chicago,2020-05-26,43372,1980,226289,25.0
chicago,2020-05-27,43778,2021,230460,41.0
chicago,2020-05-28,44170,2049,236051,28.0
chicago,2020-05-29,44666,2075,240720,26.0
chicago,2020-05-30,45085,2098,246908,23.0
chicago,2020-05-31,45527,2122,252594,24.0
chicago,2020-06-01,45837,2132,257538,10.0
chicago,2020-06-02,46733,2145,261485,13.0
chicago,2020-06-03,46977,2183,269409,38.0
chicago,2020-06-04,47251,2218,273504,35.0
chicago,2020-06-05,47551,2240,277514,22.0
chicago,2020-06-06,47904,2251,281986,11.0
chicago,2020-06-07,48175,2268,286959,17.0
chicago,2020-06-08,48363,2283,290635,15.0
chicago,2020-06-09,48603,2305,295205,22.0
chicago,2020-06-10,48742,2314,299198,9.0
chicago,2020-06-11,48939,2350,303886,36.0
chicago,2020-06-12,49101,2369,309341,19.0
chicago,2020-06-13,49285,2372,314295,3.0
chicago,2020-06-14,49449,2384,319779,12.0
chicago,2020-06-15,49603,2399,324443,15.0
chicago,2020-06-16,49776,2427,328930,28.0
chicago,2020-06-17,49929,2441,334873,14.0
chicago,2020-06-18,50084,2459,339743,18.0
chicago,2020-06-19,50277,2481,344851,22.0
chicago,2020-06-20,50425,2491,349958,10.0
chicago,2020-06-21,50541,2505,355918,14.0
